
****************************
0.005515,-0.011909,-0.011909,0.015085
0.011129,-0.023233,-0.021248,0.030648
0.017411,-0.035290,-0.032631,0.043142
0.023759,-0.046762,-0.044747,0.054311
0.030429,-0.058305,-0.056277,0.064114
0.037389,-0.069920,-0.067219,0.073361
0.044280,-0.080950,-0.078894,0.081963
0.051033,-0.091387,-0.089979,0.088171
0.058176,-0.102551,-0.101795,0.092052
0.065659,-0.114446,-0.113024,0.095370
0.072816,-0.125755,-0.124986,0.097267
0.079540,-0.136475,-0.136362,0.097793
0.086329,-0.147927,-0.148475,0.097864
0.093112,-0.160115,-0.159343,0.097492
0.099516,-0.172383,-0.171606,0.095879
0.105753,-0.185395,-0.182627,0.090617
0.110837,-0.197165,-0.195702,0.084548
0.115268,-0.209013,-0.207540,0.077819
0.118663,-0.220278,-0.220782,0.069769
0.121251,-0.231617,-0.234108,0.060667
0.121455,-0.239722,-0.246198,0.051688
0.120049,-0.246563,-0.259034,0.042867
0.115760,-0.249476,-0.272612,0.030845
0.108154,-0.247778,-0.286278,0.014225
0.096184,-0.239455,-0.298711,-0.006558
0.078460,-0.221814,-0.311218,-0.031894
0.054149,-0.193479,-0.324470,-0.062103
0.022407,-0.153055,-0.337805,-0.100793
-0.017297,-0.099807,-0.349243,-0.143678
-0.064856,-0.034312,-0.361416,-0.191719
-0.119774,0.042182,-0.373664,-0.239895
-0.181749,0.129087,-0.386655,-0.283510
-0.248842,0.222513,-0.399049,-0.316551
-0.320141,0.321450,-0.411237,-0.337714
-0.393385,0.423015,-0.424194,-0.340905
-0.466418,0.524025,-0.433331,-0.325675
-0.535372,0.617946,-0.441727,-0.290938
-0.597637,0.701423,-0.448605,-0.234242
-0.651374,0.773086,-0.455321,-0.159446
-0.691939,0.825591,-0.460579,-0.066183
-0.716891,0.856769,-0.463662,0.039778
-0.723782,0.864441,-0.465925,0.152016
-0.709567,0.845193,-0.466685,0.266056
-0.671214,0.795561,-0.465342,0.375138
-0.607892,0.716570,-0.461886,0.472160
-0.517500,0.605943,-0.456397,0.555635
-0.399954,0.465457,-0.449573,0.621825
-0.253999,0.293571,-0.441576,0.665756
-0.080809,0.093322,-0.431094,0.687361
0.117359,-0.130924,-0.418944,0.684415
0.338337,-0.376247,-0.404444,0.657802
0.577011,-0.634349,-0.386456,0.607939
0.829742,-0.901559,-0.364338,0.535624
1.091182,-1.171564,-0.337562,0.441120
1.353897,-1.434977,-0.305050,0.331713
1.612291,-1.687671,-0.264990,0.207691
1.859488,-1.923474,-0.217912,0.075349
2.089782,-2.139635,-0.163844,-0.062727
2.296093,-2.330973,-0.102197,-0.202493
2.472711,-2.495895,-0.035545,-0.340278
2.614923,-2.634992,0.034882,-0.473687
2.718567,-2.749676,0.103766,-0.598207
2.779240,-2.840134,0.171603,-0.714932
2.795125,-2.911136,0.235766,-0.818434
2.765103,-2.967327,0.292283,-0.908966
2.689421,-3.014499,0.339144,-0.984479
2.567994,-3.055408,0.374267,-1.044163
2.403714,-3.097206,0.397557,-1.084179
2.198673,-3.143093,0.407191,-1.104544
1.957072,-3.198373,0.403005,-1.103004
1.683473,-3.265676,0.382960,-1.081051
1.384225,-3.349054,0.346125,-1.035260
1.064114,-3.446768,0.295142,-0.969399
0.730972,-3.561502,0.229274,-0.882956
0.390874,-3.690125,0.145771,-0.775575
0.051191,-3.830964,0.047239,-0.651315
-0.282845,-3.976576,-0.065084,-0.515728
-0.605401,-4.120389,-0.188679,-0.374056
-0.912285,-4.252370,-0.324284,-0.234527
-1.198139,-4.365497,-0.467335,-0.098871
-1.458319,-4.452228,-0.613175,0.024704
-1.689945,-4.502493,-0.759781,0.131272
-1.889374,-4.510011,-0.904522,0.213946
-2.053102,-4.470584,-1.043421,0.269205
-2.179626,-4.378189,-1.173262,0.294955
-2.266878,-4.231356,-1.292955,0.290519
-2.313663,-4.029720,-1.402759,0.255687
-2.318462,-3.776943,-1.502442,0.190737
-2.280253,-3.478859,-1.593831,0.103026
-2.200644,-3.138504,-1.682957,-0.005268
-2.081468,-2.761478,-1.769268,-0.126813
-1.924725,-2.355611,-1.855605,-0.257930
-1.734257,-1.926987,-1.947348,-0.388395
-1.516082,-1.478808,-2.043710,-0.517930
-1.276549,-1.015140,-2.148324,-0.643830
-1.022800,-0.539380,-2.258376,-0.764611
-0.762662,-0.054225,-2.372154,-0.882487
-0.502702,0.434751,-2.486246,-0.999760
-0.250715,0.925132,-2.598135,-1.121320
-0.013221,1.412596,-2.705621,-1.254355
0.201715,1.897305,-2.803550,-1.399789
0.388777,2.375053,-2.889220,-1.564394
0.542642,2.843614,-2.959193,-1.748544
0.659613,3.299601,-3.013780,-1.949074
0.737769,3.738329,-3.050351,-2.162033
0.775938,4.156434,-3.067660,-2.381051
0.775528,4.547850,-3.065315,-2.600857
0.739481,4.906425,-3.040881,-2.808030
0.670460,5.229456,-2.994982,-2.992516
0.573147,5.512583,-2.924631,-3.147546
0.453010,5.751774,-2.828487,-3.262771
0.315314,5.945181,-2.706880,-3.333060
0.166984,6.088366,-2.557759,-3.351485
0.014129,6.179869,-2.377826,-3.319768
-0.137048,6.218388,-2.169877,-3.237581
-0.279536,6.200625,-1.932687,-3.103622
-0.405973,6.122251,-1.667638,-2.925795
-0.509141,5.979002,-1.377394,-2.707923
-0.581545,5.765164,-1.064571,-2.453377
-0.616482,5.476104,-0.734717,-2.170041
-0.607620,5.107164,-0.392818,-1.864789
-0.548511,4.652640,-0.045235,-1.542604
-0.434813,4.110694,0.303957,-1.210729
-0.263851,3.481856,0.648652,-0.874976
-0.033177,2.765706,0.985525,-0.541390
0.257295,1.965579,1.310246,-0.216947
0.606164,1.086322,1.620411,0.098967
1.009318,0.136684,1.912409,0.402382
1.460835,-0.872995,2.184799,0.695064
1.954610,-1.934182,2.435123,0.973155
2.480861,-3.032370,2.662702,1.235957
3.029194,-4.153553,2.864720,1.488990
3.587575,-5.282164,3.040676,1.731712
4.144013,-6.404406,3.185797,1.964519
4.684061,-7.502700,3.301560,2.187021
5.193017,-8.560097,3.387347,2.400547
5.656145,-9.560473,3.441126,2.601230
6.057347,-10.485130,3.464352,2.784602
6.380775,-11.316071,3.458506,2.943184
6.611629,-12.037321,3.425093,3.069201
6.735133,-12.631961,3.366498,3.151370
6.736330,-13.081378,3.283906,3.175281
6.601652,-13.368796,3.179953,3.130422
6.318819,-13.478210,3.053912,3.002563
5.876895,-13.394196,2.906652,2.775798
5.265812,-13.100439,2.739568,2.435449
4.478535,-12.584137,2.550229,1.969031
3.510044,-11.833405,2.338386,1.360362
2.357391,-10.837377,2.103389,0.598452
1.021021,-9.588503,1.841756,-0.323600
-0.495414,-8.081808,1.553272,-1.412087
-2.184005,-6.317027,1.237814,-2.666737
-4.034320,-4.294525,0.892751,-4.087922
-6.030622,-2.021261,0.518894,-5.664049
-8.154202,0.494400,0.115671,-7.382531
-10.380968,3.237391,-0.314228,-9.224190
-12.683545,6.190022,-0.771739,-11.160584
-15.029842,9.328717,-1.256995,-13.164120
-17.385588,12.629398,-1.768863,-15.196425
-19.711868,16.061150,-2.306029,-17.216293
-21.968636,19.593332,-2.864750,-19.181232
-24.111147,23.186872,-3.444032,-21.043259
-26.094469,26.803490,-4.038416,-22.751444
-27.872761,30.403122,-4.641947,-24.257704
-29.400391,33.944733,-5.242769,-25.512238
-30.631535,37.384144,-5.832258,-26.464302
-31.522535,40.677784,-6.394016,-27.073616
-32.032516,43.782570,-6.914251,-27.294834
-32.122772,46.652901,-7.371663,-27.090195
-31.758781,49.243767,-7.747929,-26.430992
-30.912642,51.514336,-8.022456,-25.292076
-29.560675,53.420891,-8.177469,-23.656857
-27.686811,54.923294,-8.192887,-21.518551
-25.281609,55.981529,-8.057508,-18.878677
-22.343187,56.556873,-7.760653,-15.751068
-18.878386,56.613480,-7.295956,-12.153197
-14.902987,56.118710,-6.665382,-8.116652
-10.441866,55.043499,-5.873707,-3.677219
-5.526187,53.356510,-4.936994,1.116295
-0.198607,51.036415,-3.875350,6.212575
5.491654,48.062016,-2.713160,11.554055
11.486589,44.418697,-1.482213,17.075640
17.721661,40.095135,-0.216344,22.705320
24.122177,35.093441,1.047571,28.379616
30.491882,29.671082,2.273581,34.022751
36.706646,23.908836,3.422102,39.564751
42.687641,17.784161,4.458824,44.933720
48.362019,11.266754,5.350547,50.063313
53.659645,4.329628,6.069199,54.609161
58.515350,-3.051866,6.589836,58.297516
62.868713,-10.895486,6.898889,61.143753
66.665924,-19.213146,6.984884,63.194031
69.861267,-28.011259,6.848281,64.499367
72.417442,-37.287918,6.493546,65.117813
74.307205,-47.034496,5.932255,65.110611
75.514748,-57.236126,5.188436,64.542206
76.030266,-67.858208,4.289625,63.477680
75.823807,-78.790100,3.269882,61.984386
74.872856,-89.909599,2.168678,60.129253
73.175087,-101.110374,1.023605,57.975029
70.737801,-112.278801,-0.121704,55.577549
67.577530,-123.295166,-1.227669,52.982414
63.719925,-134.035126,-2.254063,50.096264
59.199780,-144.371704,-3.165688,46.881420
54.058765,-154.173920,-3.933466,43.316639
48.346767,-163.312531,-4.532945,39.382088
42.117203,-171.653366,-4.946904,35.064091
35.429787,-179.067093,-5.163362,30.353861
28.347738,-185.426270,-5.176731,25.246731
20.936960,-190.607574,-4.989272,19.747068
13.264709,-194.492264,-4.607615,13.866251
5.398911,-196.968277,-4.043587,7.627603
-2.593526,-197.930084,-3.313074,1.066739
-10.642536,-197.290985,-2.433929,-5.769747
-18.685102,-194.962891,-1.428020,-12.832051
-26.657507,-190.877380,-0.318343,-20.062462
-34.499691,-184.978500,0.872783,-27.402588
-42.154003,-177.233414,2.119453,-34.782845
-49.476822,-167.843277,3.402299,-42.131958
-56.254734,-157.180695,4.698338,-49.381199
-62.424252,-145.295914,5.989016,-56.455566
-67.942261,-132.218323,7.256655,-63.289021
-72.774841,-117.982620,8.487105,-69.774521
-76.895409,-102.632614,9.666518,-75.362335
-80.287498,-86.216400,10.785757,-79.948494
-82.940392,-68.795921,11.835437,-83.573364
-84.852921,-50.436432,12.809688,-86.296028
-86.031425,-31.212009,13.707721,-88.178925
-86.491684,-11.199904,14.529192,-89.287720
-86.256569,9.515284,15.272326,-89.693413
-85.358086,30.844442,15.937541,-89.464844
-83.835030,52.684189,16.524364,-88.675941
-81.731628,74.915970,17.030706,-87.394127
-79.101418,97.419106,17.454512,-85.689125
-76.000549,120.058243,17.791838,-83.626259
-72.491539,142.695862,18.034584,-81.263779
-68.639214,165.186661,18.175886,-78.662781
-64.510498,187.380081,18.206461,-75.875038
-60.174053,209.124405,18.116686,-72.945107
-55.698475,230.268799,17.898342,-69.912117
-51.151161,250.658447,17.536480,-66.808311
-46.597908,270.136139,17.022499,-63.653870
-42.093102,288.523193,16.346539,-60.465439
-37.667950,305.599243,15.496348,-57.246990
-33.363674,321.181091,14.462102,-54.000935
-29.218891,335.095551,13.235470,-50.731571
-25.268833,347.181915,11.804944,-47.442772
-21.545179,357.293976,10.158468,-44.140755
-18.076145,365.301666,8.286852,-40.833260
-14.884809,371.091187,6.178959,-37.527473
-11.990838,374.570648,3.822743,-34.229568
-9.407903,375.673645,1.212485,-30.949312
-7.144516,374.394501,-1.660477,-27.695105
-5.205195,370.802917,-4.801889,-24.474403
-3.589166,364.998596,-8.216610,-21.292658
-2.289580,357.096893,-11.902178,-18.156759
0.001409,344.429352,-13.840131,-9.157366
2.033551,330.060913,-16.186893,-0.717432
3.819443,314.142090,-18.929321,7.140353
5.376709,296.832581,-22.048244,14.396589
6.723836,278.297119,-25.517733,21.039757
7.881160,258.703125,-29.305450,27.063515
8.867409,238.217636,-33.372845,32.464672
9.704618,217.007507,-37.676449,37.248936
10.413928,195.234329,-42.166424,41.425304
11.014541,173.056656,-46.787357,45.009819
11.526339,150.632263,-51.478825,48.027023
11.967460,128.115311,-56.176571,50.504475
12.351926,105.652908,-60.812286,52.480343
12.692255,83.384888,-65.315369,53.994484
12.999585,61.441635,-69.613640,55.098797
13.280344,39.942043,-73.633545,55.846363
13.537029,18.995321,-77.303719,56.298767
13.772609,-1.306531,-80.552979,56.520084
13.982574,-20.884167,-83.313492,56.586956
14.160538,-39.662437,-85.522453,56.583820
14.297476,-57.568649,-87.122208,56.619755
14.381450,-74.530479,-88.060165,56.708561
14.400477,-90.474144,-88.293617,56.859566
14.340072,-105.330536,-87.786736,57.079834
14.185490,-119.035446,-86.511658,57.377132
13.923660,-131.527878,-84.450920,57.753448
13.543263,-142.755539,-81.594337,58.210827
13.035724,-152.669998,-77.943016,58.748566
12.397255,-161.232147,-73.506447,59.361988
11.627045,-168.410217,-68.304970,60.048126
10.728280,-174.192215,-62.368145,60.798241
9.710998,-178.602570,-55.734314,61.605175
8.590876,-181.689331,-48.454700,62.459126
7.386268,-183.452179,-40.632160,63.354126
6.120851,-183.715256,-32.509094,64.278893
4.820193,-182.536163,-24.167513,65.228050
3.512723,-180.004196,-15.677724,66.197319
2.227515,-176.213196,-7.116348,67.183411
0.995888,-171.268311,1.439103,68.185570
-0.154630,-165.278625,9.907433,69.204041
-1.194548,-158.357330,18.205647,70.242836
-2.099117,-150.623505,26.252110,71.306839
-2.846457,-142.198212,33.965553,72.398659
-3.419092,-133.203583,41.267593,73.523949
-3.805677,-123.758354,48.081879,74.684021
-3.999945,-113.979286,54.337746,75.877541
-4.001671,-103.980003,59.971458,77.105255
-3.816780,-93.869202,64.927010,78.356583
-3.456681,-83.747307,69.155579,79.621201
-2.939667,-73.708488,72.618736,80.883163
-2.289238,-63.839539,75.288826,82.120773
-1.532675,-54.219097,77.149590,83.308472
-0.701623,-44.917206,78.196541,84.412979
0.170506,-35.993141,78.435738,85.405014
1.048252,-27.503628,77.888969,86.243965
1.895396,-19.521870,76.605118,86.895943
2.678838,-12.050985,74.596207,87.322517
3.366022,-5.086676,71.884354,87.488899
3.931291,1.381529,68.501923,87.364502
4.350931,7.368554,64.491249,86.917046
4.607476,12.892347,59.904415,86.127243
4.690136,17.972973,54.802364,84.975143
4.592537,22.633255,49.252373,83.446136
4.317801,26.897575,43.327065,81.527557
3.874757,30.791794,37.102650,79.217422
3.275389,34.341454,30.658119,76.513260
2.539364,37.572952,24.072571,73.419128
1.687609,40.501728,17.431873,69.942513
0.747656,43.020153,10.907436,66.097084
-0.251923,45.007492,4.673201,61.905533
-1.280432,46.483196,-1.206742,57.395672
-2.307920,47.466473,-6.674952,52.606880
-3.303137,47.979328,-11.683476,47.581898
-4.238955,48.042126,-16.191278,42.379086
-5.089762,47.681816,-20.170204,37.063492
-5.834235,46.921608,-23.597662,31.709852
-6.454286,45.788044,-26.461626,26.400711
-6.938381,44.310665,-28.760052,21.224874
-7.279368,42.520714,-30.499617,16.278156
-7.473899,40.449253,-31.693827,11.653778
-7.526636,38.131954,-32.365746,7.450531
-7.444504,35.604298,-32.543839,3.761944
-7.239816,32.905766,-32.264275,0.678311
-6.927196,30.074677,-31.566343,-1.715841
-6.520839,27.152105,-30.494532,-3.342152
-6.039597,24.179274,-29.095945,-4.132672
-5.499918,21.197769,-27.419956,-4.027330
-4.918801,18.248415,-25.516918,-2.973423
-4.311043,15.368667,-23.435844,-0.934258
-3.692394,12.594964,-21.225643,2.119590
-3.073244,9.961151,-18.933966,6.180417
-2.465346,7.492774,-16.602795,11.200080
-1.875225,5.214607,-14.273424,17.116703
-1.311288,3.145075,-11.982338,23.865549
-0.778160,1.296636,-9.761147,31.377010
-0.279723,-0.321899,-7.638200,39.579857
0.182983,-1.707238,-5.636839,48.405640
0.607530,-2.862130,-3.774905,57.782570
0.993506,-3.792673,-2.066353,67.643127
1.340953,-4.508204,-0.521093,77.925140
1.651186,-5.023426,0.856543,88.570267
1.926472,-5.352786,2.063718,99.529053
2.167131,-5.514363,3.102154,110.757599
2.375569,-5.528112,3.976630,122.218307
2.553135,-5.412951,4.692738,133.869904
2.703128,-5.190934,5.260180,145.668259
2.827226,-4.881588,5.688135,157.573547
2.926524,-4.504878,5.987497,169.544312
3.003903,-4.078112,6.168719,181.544022
3.060423,-3.617586,6.242921,193.544067
3.096454,-3.139045,6.222101,205.513382
3.113573,-2.654098,6.116182,217.420227
3.111058,-2.172984,5.935177,229.226898
3.088486,-1.704162,5.688897,240.889893
3.046529,-1.253898,5.386105,252.362854
2.983961,-0.825593,5.034070,263.592773
2.900653,-0.423626,4.641255,274.523193
2.795922,-0.050293,4.214951,285.093414
2.669589,0.293634,3.761395,295.238739
2.521422,0.607107,3.286960,304.887604
2.351006,0.890161,2.797297,313.964691
2.159763,1.142573,2.298210,322.395386
1.948108,1.365891,1.794164,330.100647
1.715292,1.560582,1.290623,336.999084
1.464306,1.727223,0.793030,343.018677
1.195668,1.865960,0.307280,348.127075
0.911747,1.979731,-0.162678,352.312378
0.614028,2.068726,-0.610840,355.559357
0.305799,2.132456,-1.030575,357.848297
-0.009875,2.173434,-1.417628,359.149658
-0.328394,2.192113,-1.766410,359.428680
-0.645444,2.191370,-2.073644,358.645172
-0.955799,2.171165,-2.334341,356.752991
-1.255168,2.132337,-2.544923,353.700745
-1.537840,2.076170,-2.702921,349.437347
-1.800192,2.003479,-2.806489,343.906738
-2.038068,1.916248,-2.855557,337.058899
-2.248818,1.815414,-2.850365,328.840576
-2.429994,1.701293,-2.791774,319.205841
-2.581461,1.575967,-2.682971,308.111633
-2.703485,1.440745,-2.527599,295.522064
-2.797259,1.294931,-2.328566,281.409973
-2.865415,1.141549,-2.092332,265.750610
-2.908132,0.982434,-1.825184,248.531693
-2.929245,0.817910,-1.532864,229.740112
-2.931516,0.651781,-1.223943,209.385223
-2.915907,0.486405,-0.906085,187.496552
-2.884409,0.325917,-0.588246,164.130402
-2.840023,0.171986,-0.277624,139.435623
-2.783460,0.027357,0.018078,113.641525
-2.717117,-0.104269,0.290830,86.984390
-2.642169,-0.223419,0.536127,59.698746
-2.560091,-0.330069,0.749703,31.998911
-2.472933,-0.425257,0.928778,4.081658
-2.380814,-0.510265,1.071454,-23.877199
-2.285776,-0.587756,1.177605,-51.733337
-2.188980,-0.662518,1.249635,-79.363327
-2.092802,-0.735908,1.288365,-106.628777
-1.997581,-0.811437,1.297165,-132.972397
-1.903556,-0.890640,1.278933,-158.144913
-1.811579,-0.973324,1.236127,-182.079025
-1.721489,-1.058936,1.171628,-204.710205
-1.633960,-1.145051,1.087567,-225.950104
-1.546080,-1.228587,0.986196,-245.688644
-1.458072,-1.307634,0.870962,-263.810364
-1.366885,-1.376109,0.742374,-280.195496
-1.271309,-1.431373,0.603583,-294.725281
-1.172435,-1.469687,0.456677,-307.281677
-1.067428,-1.490265,0.305556,-317.762115
-0.956308,-1.490435,0.152272,-326.082672
-0.840238,-1.471088,0.001090,-332.181580
-0.720054,-1.433389,-0.144055,-336.028809
-0.597409,-1.378781,-0.279601,-337.659180
-0.475104,-1.309598,-0.402154,-337.174316
-0.356084,-1.228832,-0.508515,-334.699493
-0.242377,-1.140816,-0.595182,-330.373047
-0.135464,-1.049093,-0.660126,-324.359283
-0.038440,-0.958656,-0.701027,-316.825287
0.045832,-0.871383,-0.718459,-307.829132
0.117908,-0.792164,-0.711421,-297.418060
0.176317,-0.724253,-0.680589,-285.639587
0.220587,-0.670641,-0.627051,-272.543549
0.249707,-0.633404,-0.552823,-258.202576
0.265901,-0.612015,-0.461608,-242.809677
0.270926,-0.605031,-0.357185,-226.590637
0.263975,-0.613073,-0.241949,-209.764374
0.246192,-0.633288,-0.120633,-192.541229
0.219489,-0.664933,0.003906,-175.119461
0.184076,-0.705119,0.127778,-157.636185
0.141344,-0.751805,0.248177,-140.218048
0.091890,-0.801154,0.361413,-123.011765
0.037558,-0.851013,0.465275,-106.130112
-0.020075,-0.898848,0.557590,-89.660789
-0.078405,-0.943679,0.637377,-73.678474
-0.135649,-0.982322,0.702261,-58.254280
-0.192034,-1.015020,0.752586,-43.456554
-0.244375,-1.039683,0.787249,-29.348982
-0.291926,-1.055629,0.806382,-15.983820
-0.333082,-1.062077,0.810118,-3.410768
-0.368262,-1.058413,0.798874,8.335873
-0.397610,-1.044906,0.773887,19.225563
-0.420884,-1.020380,0.735418,29.241838
-0.439388,-0.986629,0.685938,38.402084
-0.454068,-0.942262,0.625647,46.713474
-0.465315,-0.889148,0.557162,54.194115
-0.473609,-0.828895,0.482738,60.869175
-0.479680,-0.763147,0.404535,66.782791
-0.483925,-0.693059,0.324302,72.043442
-0.485877,-0.620853,0.244498,76.798393
-0.486361,-0.547448,0.166502,81.183266
-0.485327,-0.475605,0.092936,85.324493
-0.482382,-0.406994,0.025559,89.325722
-0.477508,-0.341964,-0.034980,93.275909
-0.470774,-0.283221,-0.086505,97.249710
-0.462520,-0.232800,-0.127434,101.292015
-0.453126,-0.191366,-0.157310,105.259995
-0.441947,-0.160216,-0.175281,107.846542
-0.429490,-0.140207,-0.180991,108.868576
-0.416905,-0.130020,-0.176221,108.442505
-0.404262,-0.130688,-0.161322,106.712990
-0.392038,-0.139624,-0.138694,103.843292
-0.378253,-0.155106,-0.110066,100.023598
-0.365752,-0.175926,-0.076808,95.460266
-0.353280,-0.198588,-0.041928,90.316208
-0.340439,-0.222133,-0.006517,84.866142
-0.328051,-0.243706,0.026994,79.417542
-0.315700,-0.261389,0.056940,73.973244
-0.303799,-0.273362,0.081825,68.533119
-0.290748,-0.280642,0.102284,63.097633
-0.277803,-0.281854,0.117242,57.664841
-0.265345,-0.279251,0.128307,52.234852
-0.252963,-0.273415,0.135868,46.807888
-0.239874,-0.264900,0.140321,41.383781
-0.226897,-0.253832,0.141781,35.963116
-0.214429,-0.241137,0.140954,30.541874
-0.202449,-0.228465,0.139083,25.120045
-0.189747,-0.215813,0.136211,19.700615
-0.177159,-0.202798,0.132108,14.282054
-0.165459,-0.189450,0.126869,8.868814
-0.153022,-0.176186,0.120892,3.543826
-0.141869,-0.163005,0.114259,-0.947545
-0.129982,-0.148710,0.106226,-4.409814
-0.118999,-0.134600,0.097821,-6.933357
-0.107449,-0.121219,0.089430,-8.624037
-0.096610,-0.108608,0.081138,-9.587703
-0.085714,-0.096399,0.072745,-9.935177
-0.075601,-0.084627,0.064343,-9.775572
-0.065482,-0.073704,0.056299,-9.214535
-0.056170,-0.062831,0.048106,-8.347209
-0.046865,-0.052033,0.039850,-7.262364
-0.038366,-0.042109,0.032177,-6.039917
-0.029857,-0.033030,0.025116,-4.751492
-0.021347,-0.024372,0.018398,-3.457242
-0.013630,-0.016116,0.012048,-2.208542
-0.007457,-0.007457,0.005515,-1.046702

****************************

****************************
0.000016,-0.004539,-0.005340,0.009240
0.000779,-0.009226,-0.010854,0.017056
0.002342,-0.014096,-0.016851,0.023420
0.004755,-0.019204,-0.022868,0.028837
0.008061,-0.024608,-0.028970,0.032209
0.012292,-0.030090,-0.035738,0.034152
0.017413,-0.036234,-0.042983,0.035216
0.023464,-0.042838,-0.051573,0.034361
0.030420,-0.049416,-0.059455,0.031741
0.038149,-0.056793,-0.068512,0.029597
0.046628,-0.064734,-0.078254,0.025763
0.055768,-0.073256,-0.088440,0.020981
0.065466,-0.082629,-0.100135,0.015415
0.075641,-0.092301,-0.112001,0.008749
0.086125,-0.102763,-0.123983,0.002403
0.096813,-0.113962,-0.137061,-0.004054
0.107599,-0.125030,-0.151160,-0.010099
0.118249,-0.136075,-0.165053,-0.017348
0.128564,-0.147183,-0.178786,-0.025638
0.138391,-0.156999,-0.192598,-0.034812
0.147360,-0.165483,-0.206219,-0.046240
0.155106,-0.172311,-0.220180,-0.061058
0.161203,-0.175006,-0.234757,-0.079143
0.164843,-0.173929,-0.248620,-0.102821
0.165272,-0.166740,-0.262267,-0.131411
0.161381,-0.151797,-0.276487,-0.165190
0.151818,-0.127362,-0.290791,-0.202675
0.134992,-0.092883,-0.304885,-0.242402
0.109296,-0.047464,-0.319300,-0.278851
0.073083,0.009093,-0.333769,-0.308728
0.024817,0.076521,-0.348010,-0.329247
-0.036777,0.153789,-0.362304,-0.337133
-0.112567,0.239863,-0.376921,-0.331333
-0.202933,0.333381,-0.391584,-0.309712
-0.307698,0.431530,-0.405756,-0.275972
-0.425836,0.532114,-0.419718,-0.229597
-0.555587,0.632709,-0.434266,-0.174143
-0.694396,0.729222,-0.448886,-0.110989
-0.838701,0.818250,-0.463309,-0.044715
-0.984079,0.896225,-0.478044,0.020027
-1.125322,0.959891,-0.492836,0.079194
-1.256607,1.005576,-0.507163,0.130444
-1.371551,1.030747,-0.520975,0.170001
-1.463587,1.032266,-0.534855,0.196529
-1.525931,1.008921,-0.546287,0.212906
-1.551981,0.958649,-0.555443,0.219459
-1.535540,0.879816,-0.561180,0.219928
-1.471068,0.771093,-0.564362,0.213706
-1.353873,0.631810,-0.564220,0.204558
-1.180362,0.463436,-0.560123,0.195359
-0.947520,0.269191,-0.549605,0.185958
-0.655793,0.049632,-0.533409,0.182462
-0.306467,-0.193088,-0.510080,0.183729
0.097446,-0.455452,-0.479014,0.190545
0.551122,-0.733035,-0.439784,0.203819
1.047814,-1.022050,-0.391664,0.221994
1.579348,-1.317172,-0.334349,0.242937
2.135787,-1.614664,-0.267934,0.265634
2.705997,-1.908863,-0.194065,0.286069
3.277916,-2.195302,-0.113605,0.303330
3.838624,-2.470384,-0.027033,0.314175
4.374938,-2.729897,0.063305,0.318997
4.873664,-2.969856,0.156795,0.316276
5.321752,-3.188832,0.251536,0.307531
5.707250,-3.384110,0.346805,0.292243
6.019081,-3.555439,0.441987,0.272316
6.247495,-3.703379,0.535191,0.252173
6.384622,-3.829298,0.624898,0.233687
6.424518,-3.936173,0.709631,0.221074
6.363082,-4.029095,0.789373,0.216844
6.198808,-4.114464,0.860564,0.225533
5.932673,-4.197933,0.922181,0.246591
5.567544,-4.286073,0.972833,0.281674
5.109119,-4.383976,1.010106,0.330213
4.564620,-4.498477,1.034183,0.389667
3.943508,-4.634589,1.043371,0.457906
3.257004,-4.794755,1.036685,0.528576
2.517798,-4.980298,1.012925,0.596430
1.739424,-5.192553,0.972521,0.657828
0.936559,-5.429400,0.915893,0.708110
0.124432,-5.686325,0.844523,0.742426
-0.681497,-5.958621,0.758888,0.758993
-1.465677,-6.239640,0.660866,0.754143
-2.212750,-6.521050,0.551257,0.729371
-2.907656,-6.793579,0.431295,0.685568
-3.536233,-7.046510,0.303031,0.624513
-4.085428,-7.270598,0.167372,0.550815
-4.543029,-7.454578,0.026009,0.468817
-4.898570,-7.588504,-0.121157,0.379424
-5.143344,-7.662856,-0.272537,0.287126
-5.270792,-7.667639,-0.427735,0.193187
-5.276861,-7.594114,-0.586117,0.098043
-5.160501,-7.436804,-0.748041,-0.001647
-4.923218,-7.190219,-0.910700,-0.107300
-4.569915,-6.853443,-1.074694,-0.220731
-4.108476,-6.428281,-1.238562,-0.343933
-3.549667,-5.919806,-1.405036,-0.478497
-2.906741,-5.335350,-1.572732,-0.623404
-2.195251,-4.683850,-1.743084,-0.777392
-1.433105,-3.976057,-1.917840,-0.937927
-0.639623,-3.224936,-2.098294,-1.099739
0.164892,-2.442567,-2.286964,-1.257920
0.959757,-1.641984,-2.484704,-1.405893
1.724394,-0.836538,-2.694230,-1.535809
2.439044,-0.039583,-2.914226,-1.641512
3.085767,0.737259,-3.143714,-1.718548
3.648505,1.483760,-3.381204,-1.762624
4.113974,2.189417,-3.624210,-1.770751
4.471733,2.846500,-3.868501,-1.741680
4.714814,3.448546,-4.108301,-1.676806
4.839728,3.991538,-4.338679,-1.578244
4.846220,4.471251,-4.553417,-1.447147
4.737487,4.885535,-4.745983,-1.287349
4.520169,5.232515,-4.909549,-1.103934
4.203722,5.510123,-5.039087,-0.901321
3.800703,5.716230,-5.128552,-0.681219
3.326055,5.848959,-5.172170,-0.451110
2.796786,5.905393,-5.167012,-0.214598
2.231583,5.881614,-5.110639,0.023021
1.650484,5.775937,-5.000935,0.256561
1.074056,5.582559,-4.836843,0.479474
0.522926,5.298121,-4.619359,0.688270
0.016891,4.918092,-4.349930,0.877517
-0.425375,4.437454,-4.032215,1.044248
-0.786439,3.853966,-3.669020,1.184614
-1.051258,3.165629,-3.265185,1.295621
-1.207634,2.372876,-2.825779,1.376630
-1.246405,1.477683,-2.356601,1.424869
-1.161002,0.486134,-1.863878,1.440402
-0.948525,-0.593755,-1.352839,1.423768
-0.609614,-1.749771,-0.829645,1.371181
-0.148125,-2.967143,-0.299062,1.284922
0.428664,-4.227368,0.234653,1.161750
1.109979,-5.509930,0.766846,1.001828
1.882036,-6.792479,1.295613,0.801624
2.727850,-8.050815,1.818721,0.558117
3.627895,-9.261020,2.334174,0.269347
4.560022,-10.399617,2.840834,-0.068181
5.500051,-11.443079,3.337632,-0.458608
6.421895,-12.369694,3.823939,-0.905952
7.297756,-13.158417,4.297527,-1.411805
8.098648,-13.791331,4.755230,-1.979116
8.795305,-14.251686,5.194009,-2.607131
9.357937,-14.524380,5.608540,-3.295866
9.757219,-14.597909,5.994552,-4.042798
9.964828,-14.462197,6.345196,-4.840995
9.954040,-14.108659,6.655822,-5.681766
9.699944,-13.530761,6.919333,-6.554918
9.179869,-12.724772,7.129804,-7.447011
8.374251,-11.687621,7.280705,-8.339357
7.267258,-10.418560,7.366238,-9.213132
5.847076,-8.918125,7.382003,-10.045582
4.106811,-7.188906,7.321560,-10.812480
2.045020,-5.233685,7.181731,-11.485003
-0.334049,-3.058535,6.957535,-12.035366
-3.020010,-0.672014,6.646361,-12.436584
-5.996149,1.914951,6.245668,-12.658932
-9.238708,4.689455,5.753983,-12.676715
-12.717678,7.634319,5.172181,-12.461788
-16.396103,10.729216,4.500617,-11.993083
-20.230536,13.950556,3.743318,-11.249762
-24.170853,17.272684,2.907164,-10.214995
-28.161123,20.665829,1.999855,-8.878278
-32.139366,24.098976,1.031262,-7.232530
-36.038662,27.539392,0.014434,-5.278923
-39.787804,30.952181,-1.036674,-3.022745
-43.312473,34.301170,-2.105698,-0.477697
-46.535934,37.550453,-3.175197,2.336285
-49.380150,40.665157,-4.226389,5.394041
-51.767872,43.610302,-5.241498,8.661354
-53.622787,46.353672,-6.201090,12.104237
-54.872372,48.863464,-7.087537,15.675712
-55.448364,51.111038,-7.883492,19.328630
-55.288635,53.065952,-8.572978,23.011295
-54.338608,54.701122,-9.143878,26.669184
-52.552570,55.989937,-9.584916,30.243145
-49.895145,56.906452,-9.888688,33.678448
-46.342144,57.426399,-10.052255,36.913204
-41.881901,57.524994,-10.076122,39.889198
-36.515793,57.179497,-9.965909,42.499451
-30.259888,56.481453,-9.730137,44.319183
-23.163078,55.513134,-9.383124,45.325966
-15.306603,54.251091,-8.942119,45.585728
-6.787046,52.663639,-8.428240,45.173588
2.285983,50.718674,-7.865853,44.170307
11.791319,48.385357,-7.280509,42.659714
21.598928,45.634548,-6.697958,40.722683
31.571817,42.439774,-6.144386,38.440441
41.568317,38.775448,-5.645560,35.890232
51.445450,34.620972,-5.222154,33.141922
61.060886,29.955414,-4.892391,30.260958
70.276512,24.761690,-4.668845,27.300938
78.960777,19.023411,-4.559045,24.302330
86.991348,12.726605,-4.563890,21.297478
94.257874,5.859819,-4.678647,18.297113
100.663750,-1.588468,-4.889480,15.304109
106.128021,-9.608196,-5.179058,12.265491
110.583633,-18.162010,-5.522008,9.093073
113.974174,-27.231010,-5.888941,5.746955
116.256592,-36.792065,-6.246900,2.201000
117.402008,-46.813953,-6.558098,-1.556162
117.395134,-57.253338,-6.784276,-5.526202
116.234291,-68.055275,-6.886387,-9.697614
113.930443,-79.151932,-6.828741,-14.047595
110.507195,-90.464020,-6.577128,-18.541307
105.999702,-101.897713,-6.105648,-23.136778
100.452583,-113.064011,-5.238820,-28.371571
93.875229,-124.109474,-4.121645,-33.526318
86.326462,-134.905090,-2.752325,-38.534912
77.872795,-145.309860,-1.138815,-43.329849
68.587616,-155.174637,0.701156,-47.847614
58.550129,-164.343628,2.739431,-52.031750
47.845608,-172.655716,4.940211,-55.828957
36.562256,-179.949036,7.259313,-58.807270
24.792648,-186.240601,9.646757,-60.817829
12.660479,-191.484589,12.046303,-61.934353
0.309144,-195.536697,14.400119,-62.244232
-12.114821,-198.253433,16.649061,-61.844700
-24.464842,-199.502670,18.735609,-60.834370
-36.596085,-199.165817,20.605982,-59.314644
-48.368370,-197.137268,22.212234,-57.393673
-59.647442,-193.330246,23.515907,-55.162708
-70.308067,-187.677551,24.485083,-52.699051
-80.235016,-180.146606,25.100277,-50.071278
-89.326508,-170.772247,25.351006,-47.339916
-97.495598,-159.625305,25.246464,-44.550175
-104.671173,-146.790176,24.806610,-41.733555
-110.800468,-132.362915,24.063643,-38.904999
-115.848236,-116.446739,23.056562,-36.063988
-119.798073,-99.150055,21.831686,-33.208061
-122.675758,-80.630478,20.438620,-30.329842
-124.521774,-61.037159,18.928999,-27.425739
-125.370171,-40.471348,17.353624,-24.492403
-125.266106,-19.027914,15.759645,-21.527922
-124.266312,3.193445,14.189013,-18.530277
-122.437027,26.092028,12.676703,-15.498535
-119.851364,49.565723,11.248203,-12.429520
-116.588547,73.510551,9.921679,-9.322822
-112.730751,97.823242,8.704861,-6.171871
-108.363396,122.398674,7.596192,-2.916101
-103.570915,147.120667,6.585833,0.482624
-98.437462,171.833221,5.655128,4.030211
-93.039070,196.377472,4.779481,7.721283
-87.445938,220.581879,3.927985,11.536759
-81.722733,244.261719,3.066276,15.450768
-75.928322,267.219513,2.156912,19.424746
-70.120583,289.241486,1.162914,23.414551
-64.357689,310.095917,0.046588,27.376192
-58.689972,329.554718,-1.227149,31.264824
-53.162987,347.354614,-2.708763,35.036907
-47.818859,363.193817,-4.467352,38.651661
-42.696709,376.851868,-6.521144,42.074871
-37.833084,388.121033,-8.883429,45.282818
-33.261726,396.809540,-11.559803,48.259068
-29.013527,402.746063,-14.550193,50.996971
-25.116106,405.782166,-17.846737,53.501606
-21.649403,404.859680,-21.610853,57.221085
-18.441551,400.919403,-25.757158,60.487804
-15.502196,394.063568,-30.258774,63.327980
-12.833864,384.457031,-35.086365,65.770172
-10.433576,372.291870,-40.209496,67.843460
-8.291529,357.781708,-45.595695,69.577255
-6.394006,341.154907,-51.211048,70.999557
-4.718377,322.650574,-57.019516,72.138741
-3.202020,302.584747,-62.982361,73.023888
-1.792000,281.246399,-69.056435,73.686462
-0.453477,258.886597,-75.190239,74.160881
0.846327,235.737915,-81.331451,74.485481
2.140434,212.012741,-87.426796,74.699890
3.459038,187.913666,-93.415291,74.849228
4.829479,163.624817,-99.228409,74.996819
6.272691,139.315521,-104.789474,75.182198
7.804470,115.135895,-110.012650,75.421951
9.432290,91.230698,-114.805580,75.730446
11.155962,67.736809,-119.067070,76.124817
12.966913,44.745209,-122.695740,76.617821
14.845982,22.337982,-125.591629,77.220551
16.767588,0.597964,-127.658905,77.942886
18.696676,-20.394701,-128.807922,78.791000
20.591137,-40.561481,-128.958267,79.768188
22.403418,-59.824493,-128.040985,80.870590
24.082325,-78.107887,-126.000984,82.093300
25.575138,-95.324783,-122.792587,83.426208
26.829947,-111.326088,-118.353859,84.859215
27.798140,-126.023712,-112.680367,86.375160
28.437572,-139.334747,-105.795494,87.959290
28.711603,-151.176865,-97.744934,89.593903
28.595783,-161.471497,-88.597794,91.260345
28.075392,-170.144958,-78.443138,92.943153
27.149652,-177.134033,-67.390450,94.624359
25.828897,-182.391724,-55.566429,96.290443
24.144857,-185.926834,-43.112377,97.927849
22.134775,-187.803513,-30.181890,99.522057
19.846447,-188.110611,-16.937857,101.059349
17.335089,-186.950317,-3.549152,102.524216
14.662443,-184.437439,9.811694,103.899193
11.893991,-180.698486,22.972002,105.164734
9.095561,-175.867126,35.761890,106.294785
6.333576,-170.080933,48.016373,107.261879
3.669256,-163.376221,59.591942,108.030693
1.159991,-155.677963,70.384613,108.561409
-1.144897,-147.145081,80.297722,108.811104
-3.203541,-137.937546,89.243889,108.737083
-4.984781,-128.210632,97.145020,108.294693
-6.467628,-118.112381,103.934204,107.439697
-7.643071,-107.783989,109.554924,106.135315
-8.338345,-97.031532,114.007202,104.341270
-8.746449,-86.325684,117.255241,102.042717
-8.889866,-75.772163,119.275246,99.228668
-8.802030,-65.462799,120.057274,95.896111
-8.520254,-55.476624,119.604965,92.053078
-8.088367,-45.878914,117.936493,87.719322
-7.551379,-36.722618,115.083725,82.925758
-6.956229,-28.046299,111.092712,77.710960
-6.346207,-19.878473,106.022896,72.122894
-5.762252,-12.237026,99.946579,66.216713
-5.242054,-5.148352,92.945877,60.055630
-4.814909,1.392900,85.114838,53.708855
-4.506902,7.420215,76.562294,47.251362
-4.333715,12.963598,67.410202,40.763947
-4.304099,18.053127,57.791023,34.334808
-4.418926,22.713657,47.844612,28.056690
-4.672014,26.969563,37.716080,22.027014
-5.049275,30.843472,27.552549,16.349136
-5.532480,34.354546,17.500278,11.129036
-6.095828,37.521320,7.701946,6.476418
-6.710958,40.361042,-1.706199,2.501057
-7.347960,42.888565,-10.597249,-0.687763
-7.975468,45.120380,-18.854883,-2.986198
-8.562104,47.072514,-26.375877,-4.297577
-9.078667,48.759579,-33.071972,-4.531182
-9.499048,50.195278,-38.870419,-3.609601
-9.800060,51.353058,-43.720642,-1.473941
-9.965038,52.020412,-47.618755,1.878480
-9.980795,52.186241,-50.580524,6.387283
-9.840748,51.873634,-52.634865,11.972587
-9.542483,51.108704,-53.822529,18.547211
-9.090218,49.924557,-54.194595,26.018316
-8.493498,48.355400,-53.810970,34.288307
-7.763998,46.440392,-52.738819,43.258472
-6.918958,44.221722,-51.050995,52.829224
-5.977593,41.744778,-48.824108,62.905285
-4.960409,39.054626,-46.137619,73.392929
-3.890328,36.202171,-43.071186,84.205521
-2.788998,33.234818,-39.704166,95.267456
-1.679288,30.201096,-36.113842,106.509956
-0.581951,27.147081,-32.374557,117.876213
0.483089,24.116606,-28.556009,129.322968
1.498825,21.149843,-24.723318,140.821823
2.449972,18.282093,-20.935497,152.356277
3.324795,15.545322,-17.245123,163.911118
4.114812,12.964880,-13.698243,175.477753
4.812589,10.561298,-10.334267,187.040283
5.414135,8.350153,-7.185544,198.573334
5.920302,6.340549,-4.277942,210.046097
6.331698,4.539118,-1.630899,221.417267
6.651437,2.946074,0.742019,232.640167
6.883984,1.559711,2.832941,243.661774
7.033931,0.373627,4.639154,254.420181
7.107870,-0.621500,6.162368,264.801392
7.110043,-1.436049,7.408424,274.667175
7.048033,-2.082900,8.386790,283.944397
6.927064,-2.575650,9.110094,292.562317
6.752798,-2.929787,9.593240,300.449677
6.531324,-3.159558,9.853385,307.539093
6.267780,-3.280690,9.909127,313.765106
5.968703,-3.308950,9.779945,319.103455
5.637492,-3.258679,9.486151,323.599365
5.279662,-3.143187,9.048394,327.323120
4.898121,-2.976082,8.487204,330.346008
4.496818,-2.770268,7.822706,332.734650
4.077693,-2.535979,7.074876,334.546539
3.642913,-2.284310,6.262646,335.832153
3.194320,-2.024023,5.404294,336.628021
2.731318,-1.764111,4.516989,336.958618
2.254430,-1.511647,3.617401,336.831421
1.764109,-1.272982,2.720936,336.241425
1.262237,-1.052693,1.842081,335.170166
0.750738,-0.854575,0.994487,333.561249
0.230821,-0.681888,0.190585,331.336578
-0.293108,-0.535396,-0.558435,328.400391
-0.816910,-0.416182,-1.242460,324.638977
-1.336029,-0.321863,-1.852893,319.924835
-1.844113,-0.252469,-2.382693,314.115814
-2.335719,-0.205435,-2.826463,307.050507
-2.804153,-0.178149,-3.180580,298.567902
-3.242963,-0.169302,-3.443138,288.516876
-3.646370,-0.176487,-3.613826,276.761780
-4.008388,-0.199251,-3.694498,263.186462
-4.325629,-0.237871,-3.688650,247.693756
-4.593183,-0.292512,-3.601382,230.211426
-4.808753,-0.365078,-3.439439,210.693832
-4.970268,-0.456036,-3.210405,189.136124
-5.077776,-0.568072,-2.923420,165.621948
-5.132616,-0.702237,-2.588117,140.445694
-5.136826,-0.859270,-2.214777,113.965950
-5.092664,-1.037607,-1.813607,86.535316
-5.005521,-1.237163,-1.395278,58.487278
-4.881099,-1.453207,-0.969789,30.121536
-4.723796,-1.681169,-0.546561,1.699156
-4.540624,-1.916827,-0.134738,-26.568058
-4.337693,-2.154385,0.257531,-54.522926
-4.120708,-2.387098,0.622917,-82.042679
-3.894373,-2.608597,0.955434,-109.009079
-3.664596,-2.813365,1.249933,-135.308228
-3.435868,-2.995182,1.502828,-160.829849
-3.210813,-3.149026,1.711558,-185.470566
-2.991427,-3.270972,1.875043,-209.138672
-2.779437,-3.358838,1.993374,-231.742035
-2.577315,-3.411707,2.067671,-253.075897
-2.382889,-3.429147,2.100303,-272.877228
-2.196476,-3.412070,2.094809,-291.022064
-2.016231,-3.363847,2.054748,-307.367676
-1.841398,-3.286824,1.984927,-321.761902
-1.670619,-3.185019,1.890164,-334.052551
-1.502489,-3.062663,1.775306,-344.088470
-1.338404,-2.922884,1.645653,-351.734863
-1.175070,-2.770114,1.505811,-356.887817
-1.013313,-2.607633,1.360381,-359.516235
-0.851439,-2.438771,1.213308,-359.693024
-0.691882,-2.265069,1.068525,-357.290955
-0.533553,-2.088316,0.929512,-352.409607
-0.376305,-1.908534,0.799141,-345.191528
-0.220293,-1.725116,0.679983,-335.780792
-0.066970,-1.536287,0.574335,-324.321503
0.084155,-1.342546,0.483838,-310.959808
0.231392,-1.143383,0.409430,-295.875305
0.373437,-0.937852,0.351876,-279.464569
0.507832,-0.727363,0.310992,-262.119965
0.632773,-0.513557,0.286457,-244.168243
0.747216,-0.298702,0.276955,-225.891174
0.848468,-0.087404,0.280670,-207.512604
0.935597,0.116578,0.295241,-189.199646
1.006545,0.308314,0.317965,-171.052582
1.060023,0.483674,0.345886,-153.104218
1.094544,0.639201,0.375841,-135.346313
1.110126,0.772692,0.405066,-117.713867
1.107914,0.881740,0.430766,-100.264877
1.089301,0.966318,0.450664,-83.089661
1.053470,1.026353,0.462708,-66.288345
1.002652,1.063674,0.465582,-49.968483
0.938279,1.081037,0.458266,-34.237217
0.861282,1.080310,0.440219,-19.201799
0.775602,1.066382,0.411524,-4.965191
0.681587,1.042587,0.372527,8.329385
0.581088,1.012780,0.324029,20.431738
0.475828,0.979360,0.267205,31.280180
0.368623,0.945427,0.203362,40.838463
0.260834,0.912342,0.134033,49.088535
0.153546,0.879779,0.060520,56.028145
0.049190,0.848792,-0.015625,61.672237
-0.051114,0.818583,-0.093019,66.085007
-0.144603,0.789558,-0.170329,69.474861
-0.230357,0.761047,-0.246155,72.079941
-0.307018,0.732883,-0.319578,74.080009
-0.373176,0.703730,-0.389689,75.614815
-0.428865,0.674155,-0.455456,76.788635
-0.474174,0.643810,-0.516118,77.678139
-0.510071,0.612529,-0.570972,78.336296
-0.537220,0.581419,-0.619099,78.799622
-0.556270,0.550843,-0.659740,79.099640
-0.569442,0.519776,-0.692295,79.265068
-0.576121,0.492506,-0.714947,79.455238
-0.578553,0.466316,-0.728137,79.518242
-0.577489,0.441542,-0.731405,79.469376
-0.573924,0.418830,-0.724378,79.322472
-0.566978,0.396633,-0.707096,79.087105
-0.557776,0.375882,-0.679690,78.773369
-0.546077,0.355850,-0.642621,78.383835
-0.533150,0.337509,-0.596453,77.731834
-0.518783,0.318847,-0.542105,76.169235
-0.503813,0.297624,-0.480947,73.688225
-0.488923,0.273635,-0.414546,70.402779
-0.474407,0.246198,-0.344719,66.433899
-0.459639,0.214684,-0.273443,61.910217
-0.444936,0.178729,-0.202778,56.971024
-0.430886,0.139680,-0.134563,51.764206
-0.416587,0.097543,-0.070549,46.477665
-0.401768,0.054245,-0.012109,41.230606
-0.387023,0.009199,0.039489,36.063534
-0.372616,-0.035323,0.083441,31.024418
-0.358251,-0.078142,0.119314,26.160063
-0.343653,-0.117320,0.147110,21.515350
-0.329124,-0.151654,0.167175,17.131491
-0.314936,-0.180009,0.180141,13.041271
-0.300501,-0.200438,0.187024,9.265773
-0.286132,-0.213427,0.188859,5.819783
-0.272413,-0.219419,0.186677,2.705157
-0.258461,-0.219733,0.181376,-0.085854
-0.243665,-0.214988,0.173791,-2.571353
-0.229548,-0.207224,0.164496,-4.776182
-0.215790,-0.196914,0.154012,-6.733295
-0.201805,-0.185079,0.142721,-8.479174
-0.187896,-0.172676,0.130891,-10.047327
-0.173764,-0.159746,0.118773,-11.355830
-0.159133,-0.146323,0.106626,-12.053818
-0.145229,-0.133338,0.094579,-12.233114
-0.132233,-0.120671,0.082796,-11.993354
-0.119068,-0.108724,0.071397,-11.428611
-0.105850,-0.096969,0.060566,-10.623475
-0.094116,-0.085759,0.050429,-9.651657
-0.082695,-0.075129,0.041098,-8.577760
-0.071913,-0.064801,0.032702,-7.456221
-0.062355,-0.055959,0.025181,-6.331861
-0.051938,-0.047378,0.018627,-5.240176
-0.043043,-0.039047,0.013108,-4.207674
-0.034717,-0.031537,0.008580,-3.254027
-0.027204,-0.024499,0.005035,-2.393196
-0.019862,-0.017599,0.002479,-1.635312
-0.012661,-0.011395,0.000825,-0.983793
-0.006154,-0.005539,0.000017,-0.439245

****************************

****************************
0.003621,-0.010540,-0.007211,0.010206
0.007476,-0.020097,-0.014510,0.018594
0.012270,-0.030892,-0.021905,0.025207
0.017692,-0.041836,-0.028849,0.030727
0.024124,-0.054064,-0.036460,0.035787
0.030846,-0.065386,-0.044202,0.039673
0.038344,-0.077478,-0.052647,0.043038
0.045841,-0.088152,-0.060152,0.043919
0.054330,-0.100738,-0.067829,0.044410
0.063256,-0.113599,-0.075682,0.044496
0.072347,-0.126193,-0.083163,0.043531
0.081656,-0.139065,-0.091371,0.042862
0.091074,-0.152201,-0.099748,0.039883
0.100483,-0.165549,-0.107702,0.037396
0.109939,-0.179573,-0.116824,0.032831
0.118774,-0.192597,-0.124337,0.027738
0.127179,-0.205708,-0.132996,0.022289
0.134831,-0.218336,-0.141144,0.017985
0.141575,-0.230481,-0.149334,0.012774
0.146888,-0.241021,-0.158110,0.006082
0.150951,-0.251061,-0.165271,-0.001917
0.152319,-0.256701,-0.173572,-0.009778
0.150275,-0.256765,-0.181362,-0.021307
0.143311,-0.247840,-0.189192,-0.034764
0.130118,-0.227592,-0.197618,-0.053032
0.109469,-0.194186,-0.205536,-0.074122
0.080071,-0.145759,-0.213493,-0.096837
0.040953,-0.081503,-0.222041,-0.118138
-0.008846,-0.000592,-0.230634,-0.137858
-0.069105,0.094507,-0.238165,-0.149487
-0.139926,0.202974,-0.246841,-0.153002
-0.220304,0.321236,-0.254453,-0.142151
-0.309838,0.448433,-0.262658,-0.117909
-0.406783,0.580372,-0.270903,-0.080734
-0.509375,0.713881,-0.278653,-0.030021
-0.614542,0.842942,-0.285327,0.032560
-0.719291,0.963173,-0.291934,0.104584
-0.819838,1.069905,-0.298831,0.181732
-0.912330,1.158671,-0.305168,0.261207
-0.992747,1.225236,-0.308703,0.335213
-1.056976,1.265755,-0.312197,0.399935
-1.101448,1.278525,-0.314494,0.449459
-1.122191,1.260496,-0.316110,0.479347
-1.115406,1.209167,-0.315339,0.488516
-1.077555,1.122412,-0.313371,0.473845
-1.006248,1.001090,-0.309151,0.435554
-0.899126,0.844896,-0.303816,0.373108
-0.755603,0.657344,-0.296889,0.287160
-0.575800,0.442076,-0.287274,0.178184
-0.360436,0.202308,-0.275549,0.050216
-0.112158,-0.055285,-0.260693,-0.094034
0.166123,-0.326023,-0.240994,-0.250543
0.469458,-0.601891,-0.214925,-0.413575
0.792551,-0.876855,-0.182459,-0.580465
1.129008,-1.144184,-0.143056,-0.745631
1.472636,-1.400331,-0.095060,-0.905446
1.815843,-1.639518,-0.040083,-1.054968
2.151310,-1.858568,0.019509,-1.190009
2.471308,-2.054649,0.080901,-1.307777
2.768037,-2.225446,0.143594,-1.408045
3.034753,-2.372361,0.204322,-1.488378
3.264780,-2.496653,0.260402,-1.546967
3.452015,-2.600501,0.309531,-1.583200
3.591322,-2.687496,0.349411,-1.596913
3.678523,-2.762084,0.379953,-1.588324
3.710986,-2.830563,0.399876,-1.560531
3.686274,-2.896415,0.408258,-1.510818
3.604192,-2.966259,0.403743,-1.442793
3.465897,-3.046383,0.385348,-1.355438
3.272793,-3.139530,0.352686,-1.251232
3.028999,-3.252392,0.304242,-1.131970
2.738559,-3.387184,0.240856,-0.997489
2.406819,-3.545920,0.162094,-0.852914
2.040768,-3.730753,0.067045,-0.699093
1.646563,-3.937443,-0.042820,-0.540714
1.230754,-4.160183,-0.163194,-0.382037
0.800887,-4.393897,-0.293825,-0.228832
0.364649,-4.632067,-0.431996,-0.088089
-0.071101,-4.864846,-0.572636,0.037295
-0.498753,-5.084499,-0.713890,0.139840
-0.910936,-5.282931,-0.852900,0.215736
-1.301068,-5.450427,-0.987776,0.261954
-1.663017,-5.577842,-1.114978,0.273059
-1.990254,-5.659599,-1.233063,0.247956
-2.276953,-5.690792,-1.343833,0.189459
-2.518847,-5.665325,-1.445378,0.099414
-2.710984,-5.583091,-1.537930,-0.018052
-2.850713,-5.441049,-1.624545,-0.155562
-2.934976,-5.242167,-1.708706,-0.309290
-2.963480,-4.985717,-1.790787,-0.472404
-2.936343,-4.674866,-1.874147,-0.640519
-2.857009,-4.307847,-1.960593,-0.809731
-2.728396,-3.889658,-2.052197,-0.974729
-2.555761,-3.422511,-2.149419,-1.134824
-2.344346,-2.912739,-2.250761,-1.291582
-2.101199,-2.364393,-2.358309,-1.446025
-1.834040,-1.782378,-2.467850,-1.599970
-1.549764,-1.175831,-2.575721,-1.756503
-1.258027,-0.546366,-2.681712,-1.917199
-0.967656,0.101080,-2.784041,-2.081612
-0.686441,0.758784,-2.879839,-2.250508
-0.422454,1.421286,-2.967081,-2.417349
-0.183012,2.082863,-3.044640,-2.580592
0.025997,2.736245,-3.108874,-2.733557
0.200582,3.372277,-3.159841,-2.870760
0.337289,3.984819,-3.194026,-2.981515
0.434142,4.567638,-3.208860,-3.061505
0.491394,5.112819,-3.204476,-3.105199
0.509405,5.617169,-3.178545,-3.108091
0.490346,6.076432,-3.126730,-3.067291
0.437284,6.488263,-3.047456,-2.983495
0.354980,6.848864,-2.937886,-2.858728
0.248314,7.157193,-2.797145,-2.693675
0.124621,7.407341,-2.625387,-2.491620
-0.008913,7.596178,-2.421234,-2.258149
-0.143541,7.717028,-2.186429,-1.998219
-0.270762,7.764928,-1.924572,-1.716118
-0.381160,7.732497,-1.638812,-1.419216
-0.464908,7.610998,-1.331849,-1.113613
-0.513107,7.394084,-1.009173,-0.805491
-0.517000,7.074857,-0.675525,-0.499641
-0.469080,6.648970,-0.337772,-0.201426
-0.362821,6.112964,-0.003347,0.081469
-0.193032,5.465374,0.326046,0.347589
0.043811,4.707261,0.645949,0.592797
0.348427,3.845189,0.951936,0.811849
0.721152,2.883069,1.241110,1.007463
1.158928,1.831474,1.513308,1.176658
1.657109,0.701092,1.764730,1.317080
2.208453,-0.493869,1.996133,1.432087
2.804244,-1.739177,2.206062,1.519204
3.433708,-3.018449,2.393985,1.580923
4.084529,-4.314608,2.560930,1.618418
4.742445,-5.608364,2.705256,1.629714
5.392330,-6.880843,2.828039,1.616992
6.016970,-8.109960,2.929196,1.575314
6.599194,-9.276554,3.009240,1.501675
7.121301,-10.361369,3.069039,1.393582
7.565127,-11.344725,3.111037,1.247127
7.912392,-12.207226,3.134959,1.054004
8.145503,-12.931148,3.141552,0.811093
8.247824,-13.500181,3.130598,0.507876
8.202231,-13.894655,3.099677,0.140158
7.993915,-14.099494,3.048240,-0.299946
7.609675,-14.100846,2.973925,-0.819670
7.037342,-13.883912,2.874581,-1.423589
6.267550,-13.437534,2.747230,-2.113637
5.293317,-12.752008,2.588920,-2.891241
4.110378,-11.819590,2.397610,-3.756604
2.717979,-10.636136,2.170355,-4.701731
1.119296,-9.201387,1.905056,-5.720290
-0.679820,-7.514791,1.601240,-6.799154
-2.668208,-5.583086,1.258070,-7.925033
-4.830896,-3.414862,0.873311,-9.076986
-7.148910,-1.021190,0.446607,-10.233705
-9.598841,1.583111,-0.021584,-11.367342
-12.152083,4.377192,-0.532209,-12.451998
-14.776978,7.340530,-1.080904,-13.457095
-17.437248,10.447030,-1.666953,-14.346781
-20.093384,13.668826,-2.282999,-15.091165
-22.701853,16.972769,-2.924254,-15.656788
-25.217173,20.325951,-3.582226,-16.013252
-27.591162,23.691551,-4.245844,-16.128426
-29.774860,27.033682,-4.903040,-15.977177
-31.717484,30.311836,-5.538710,-15.534187
-33.369328,33.487946,-6.136467,-14.778940
-34.681515,36.522831,-6.680018,-13.696682
-35.606640,39.376289,-7.151893,-12.277793
-36.100239,42.008888,-7.533179,-10.519017
-36.121380,44.381359,-7.803938,-8.423219
-35.634335,46.457428,-7.951031,-6.000432
-34.609097,48.202164,-7.960057,-3.267036
-33.021427,49.579948,-7.819789,-0.248028
-30.854841,50.558483,-7.524653,3.029650
-28.100853,51.107563,-7.074347,6.528094
-24.758764,51.196564,-6.474654,10.206744
-20.837839,50.799938,-5.735755,14.022039
-16.355301,49.890400,-4.874406,17.922659
-11.339134,48.447475,-3.913615,21.857014
-5.826096,46.450836,-2.878603,25.767994
0.137801,43.883327,-1.798239,29.600279
6.497330,40.732109,-0.705378,33.297852
13.159014,37.074451,0.366390,36.806820
19.977505,33.106335,1.382395,40.073811
26.861788,28.817467,2.311429,43.049763
33.725597,24.172455,3.124250,45.456287
40.480808,19.138184,3.793285,47.114342
47.038967,13.684896,4.298233,48.064308
53.314411,7.782151,4.621127,48.366367
59.223026,1.408462,4.750629,48.082687
64.686493,-5.456459,4.682416,47.283237
69.632545,-12.826603,4.420382,46.033482
73.996796,-20.710722,3.972291,44.399223
77.723625,-29.110218,3.358115,42.448616
80.768349,-38.022194,2.600099,40.244793
83.082230,-47.392685,1.729248,37.843052
84.615242,-57.130550,0.779677,35.294739
85.335709,-67.167046,-0.211466,32.647438
85.223145,-77.428940,-1.204775,29.931240
84.267395,-87.833954,-2.157490,27.075966
82.469185,-98.293503,-3.032163,24.045481
79.839470,-108.710678,-3.792070,20.807547
76.399643,-118.983582,-4.402234,17.339676
72.179688,-129.001801,-4.839428,13.620715
67.219269,-138.653091,-5.078754,9.639728
61.565414,-147.818588,-5.106009,5.397036
55.270985,-156.373734,-4.913414,0.904192
48.396534,-164.196976,-4.500294,-3.819066
41.006660,-171.163391,-3.871906,-8.746718
33.169628,-177.148987,-3.041286,-13.840078
24.957254,-182.034637,-2.025360,-19.055000
16.443333,-185.705597,-0.847144,-24.346069
7.702262,-188.051956,0.466209,-29.659874
-1.191343,-188.972031,1.882780,-34.941265
-10.164348,-188.370514,3.372292,-40.136082
-19.144657,-186.164093,4.900421,-45.192616
-28.062878,-182.279694,6.435741,-50.061607
-36.758434,-176.930634,7.946471,-54.692360
-45.091160,-170.253494,9.403646,-59.037651
-52.981064,-162.218384,10.779772,-62.920666
-60.356762,-152.824768,12.051610,-65.951561
-67.153969,-142.092072,13.200262,-68.135330
-73.317009,-130.048538,14.208510,-69.530434
-78.797218,-116.735954,15.066981,-70.206848
-83.555595,-102.203033,15.769544,-70.232834
-87.561981,-86.509537,16.316248,-69.682098
-90.796410,-69.722137,16.711227,-68.621880
-93.248772,-51.916069,16.959005,-67.123436
-94.918869,-33.174175,17.069763,-65.251480
-95.817696,-13.581070,17.056194,-63.069733
-95.964775,6.771212,16.930782,-60.635616
-95.389824,27.790649,16.705050,-58.002316
-94.132027,49.379669,16.391281,-55.218441
-92.238441,71.427597,15.999962,-52.324093
-89.763168,93.812836,15.536791,-49.350788
-86.767166,116.406731,15.010977,-46.321953
-83.314201,139.067719,14.424850,-43.247707
-79.473923,161.654099,13.780658,-40.136410
-75.317970,184.018585,13.077342,-36.988174
-70.918800,206.009583,12.312477,-33.808037
-66.342728,227.456604,11.482893,-30.595980
-61.639774,248.148376,10.580899,-27.356392
-56.866657,267.904510,9.598741,-24.087036
-52.075390,286.539246,8.529543,-20.762297
-47.316708,303.877533,7.361692,-17.375540
-42.637260,319.747986,6.084610,-13.937958
-38.078819,333.983704,4.686287,-10.468073
-33.680290,346.432098,3.152802,-6.987263
-29.474909,356.948212,1.471664,-3.517485
-25.492243,365.402496,-0.372663,-0.083381
-21.757620,371.681976,-2.392817,3.290350
-18.291765,375.689880,-4.605471,6.581820
-15.110829,377.348999,-7.021199,9.774118
-12.226935,376.614532,-9.653824,12.850606
-9.646801,373.507843,-12.513241,15.804695
-7.373410,368.118195,-15.604452,18.631081
-4.788713,358.766602,-17.982693,25.084743
-2.434714,347.462463,-20.762676,30.942053
-0.304907,334.343781,-23.930639,36.205502
1.610790,319.560577,-27.467089,40.880688
3.325423,303.268860,-31.344955,44.982632
4.851081,285.632660,-35.531944,48.529835
6.203875,266.818665,-39.989178,51.548454
7.398261,246.994308,-44.671795,54.069130
8.450633,226.326172,-49.529434,56.125019
9.376080,204.978989,-54.506729,57.756733
10.190623,183.113998,-59.543243,59.008392
10.909206,160.892487,-64.574303,59.925385
11.545735,138.475571,-69.531738,60.562725
12.114039,116.025223,-74.347214,60.976940
12.623795,93.701668,-78.952065,61.234756
13.084120,71.643494,-83.268181,61.399296
13.502604,49.975670,-87.215225,61.547943
13.882490,28.813076,-90.714584,61.774498
14.224652,8.254958,-93.688828,62.094311
14.527539,-11.611989,-96.066925,62.511272
14.786255,-30.714352,-97.781738,63.031647
14.994601,-48.977333,-98.775894,63.654720
15.141821,-66.325256,-98.999695,64.379807
15.218472,-82.682739,-98.413269,65.202858
15.212364,-97.976097,-96.987511,66.120010
15.110745,-112.134476,-94.704575,67.121468
14.902319,-125.091118,-91.558739,68.196930
14.576738,-136.783661,-87.556610,69.335098
14.125379,-147.156677,-82.716400,70.522392
13.543063,-156.160446,-77.069214,71.746544
12.830035,-163.755096,-70.656303,72.994400
11.988853,-169.908051,-63.531525,74.251961
11.026514,-174.614273,-55.757160,75.506592
9.955580,-177.905853,-47.406090,76.747902
8.792057,-179.841354,-38.558571,77.966400
7.557532,-180.487091,-29.304365,79.155518
6.275454,-179.898697,-19.750641,80.311081
4.972090,-177.978134,-10.094210,81.431366
3.675695,-174.756607,-0.458994,82.515030
2.414377,-170.339539,9.068632,83.564880
1.216528,-164.838394,18.401182,84.580162
0.108681,-158.371262,27.452160,85.563103
-0.883323,-151.058945,36.135521,86.514313
-1.738621,-143.025238,44.367710,87.430443
-2.438225,-134.393799,52.068684,88.304413
-2.968652,-125.285927,59.163288,89.124214
-3.321750,-115.821510,65.583298,89.874275
-3.495668,-106.113609,71.266571,90.534393
-3.493108,-96.268501,76.159187,91.080231
-3.323281,-86.387344,80.217545,91.484741
-3.000468,-76.561974,83.407471,91.715988
-2.544177,-66.874763,85.705246,91.741081
-1.977722,-57.399532,87.098869,91.528786
-1.330175,-48.200745,87.588097,91.048050
-0.628986,-39.332851,87.184601,90.273926
0.093057,-30.840591,85.911011,89.184990
0.804090,-22.767757,83.803680,87.763138
1.474201,-15.155383,80.910019,85.996635
2.073304,-8.052961,77.294540,83.881485
2.575982,-1.459584,73.005699,81.416710
2.961049,4.634311,68.100075,78.606308
3.211952,10.240094,62.644863,75.461433
3.316421,15.371031,56.715881,71.995712
3.269178,20.044056,50.394848,68.228943
3.068249,24.278519,43.768204,64.185219
2.720212,28.093258,36.926701,59.895645
2.234970,31.508207,29.962580,55.396008
1.627437,34.546646,22.966312,50.729439
0.916344,37.229881,16.027882,45.944378
0.123891,39.580746,9.233024,41.102924
-0.726920,41.615803,2.666060,36.269981
-1.610074,43.261524,-3.547662,31.521446
-2.499980,44.419796,-9.283653,26.934906
-3.371523,45.111481,-14.496734,22.598484
-4.199387,45.358932,-19.151461,18.598812
-4.960813,45.186836,-23.222816,15.027672
-5.635499,44.621460,-26.695528,11.975040
-6.207540,43.691265,-29.564245,9.529009
-6.664952,42.425343,-31.832264,7.771785
-6.998496,40.856003,-33.512539,6.780262
-7.203935,39.016010,-34.625343,6.624549
-7.281790,36.941532,-35.199108,7.364305
-7.235718,34.669552,-35.268089,9.051004
-7.072989,32.236729,-34.871281,11.719007
-6.803833,29.682945,-34.053192,15.369708
-6.441345,27.046337,-32.860302,19.965469
-5.999971,24.365923,-31.341825,25.455957
-5.492624,21.680023,-29.548025,31.783693
-4.935127,19.025572,-27.529352,38.891438
-4.342185,16.437162,-25.335293,46.713787
-3.727113,13.946708,-23.013794,55.188515
-3.102030,11.582016,-20.610197,64.250809
-2.478700,9.367224,-18.167070,73.836609
-1.867763,7.322209,-15.723516,83.882126
-1.277590,5.460330,-13.313855,94.330963
-0.715797,3.792427,-10.969460,105.126808
-0.188284,2.322914,-8.716453,116.220459
0.301650,1.052617,-6.577233,127.567986
0.749928,-0.023170,-4.569123,139.120178
1.156607,-0.909529,-2.707121,150.822311
1.519786,-1.616428,-1.001298,162.622467
1.840787,-2.157469,0.542400,174.469620
2.120585,-2.546073,1.920108,186.314407
2.361003,-2.798112,3.131386,198.113464
2.564704,-2.928915,4.177301,209.828369
2.733418,-2.956078,5.061949,221.422653
2.868772,-2.895561,5.790074,232.853012
2.973181,-2.764379,6.368425,244.078171
3.049228,-2.576637,6.803407,255.048798
3.098677,-2.347853,7.103407,265.717285
3.123533,-2.091399,7.276702,276.031952
3.125693,-1.818349,7.331366,285.939178
3.106678,-1.538575,7.275825,295.383972
3.067974,-1.260707,7.118839,304.307892
3.010001,-0.991331,6.869060,312.655945
2.934180,-0.733526,6.534130,320.367126
2.840755,-0.491964,6.123350,327.378540
2.729488,-0.266705,5.644284,333.632019
2.600787,-0.059614,5.106169,339.088226
2.453588,0.129913,4.517452,343.749969
2.287999,0.303038,3.886779,347.630707
2.104307,0.460369,3.223467,350.742920
1.902630,0.601332,2.537695,353.087982
1.682380,0.728201,1.838279,354.660156
1.444761,0.840832,1.135511,355.446411
1.189748,0.940318,0.439054,355.420135
0.918380,1.028246,-0.241600,354.548340
0.632532,1.104002,-0.895841,352.790924
0.333298,1.169660,-1.514921,350.097137
0.024732,1.224946,-2.089146,346.410645
-0.290839,1.269693,-2.609602,341.667572
-0.609227,1.306700,-3.069765,335.803680
-0.925243,1.335449,-3.462198,328.750061
-1.234065,1.356352,-3.781274,320.437988
-1.532676,1.371361,-4.023499,310.798492
-1.815098,1.379784,-4.185415,299.769196
-2.076272,1.382098,-4.265936,287.290405
-2.313031,1.379063,-4.265790,273.304901
-2.522259,1.370906,-4.186936,257.762756
-2.702699,1.357684,-4.032921,240.626251
-2.853340,1.338899,-3.808438,221.874557
-2.973334,1.315239,-3.520224,201.511978
-3.062941,1.286745,-3.175827,179.570801
-3.124301,1.252958,-2.783485,156.120102
-3.159016,1.214130,-2.352629,131.337067
-3.169098,1.171413,-1.893602,105.470009
-3.157341,1.124671,-1.416422,78.777359
-3.125979,1.073908,-0.931316,51.506763
-3.078955,1.020197,-0.448964,23.887083
-3.018852,0.964562,0.020265,-3.871349
-2.946663,0.907903,0.466696,-31.588062
-2.864811,0.850082,0.881970,-59.105858
-2.776160,0.793461,1.257332,-86.306396
-2.681431,0.737423,1.586704,-113.095459
-2.583365,0.681725,1.864903,-139.345078
-2.482973,0.623889,2.089190,-164.586182
-2.381413,0.564180,2.256672,-188.630157
-2.279988,0.500079,2.367437,-211.403015
-2.179060,0.430523,2.422136,-232.804688
-2.077986,0.354145,2.422859,-252.717682
-1.978055,0.269711,2.372835,-271.015747
-1.880745,0.177338,2.275696,-287.568726
-1.783863,0.078198,2.135645,-302.248535
-1.687640,-0.026548,1.957696,-314.933014
-1.591567,-0.134508,1.746930,-325.512482
-1.494441,-0.241419,1.507965,-333.894012
-1.395397,-0.344008,1.246451,-340.006073
-1.293118,-0.439223,0.968361,-343.808716
-1.188267,-0.523500,0.679371,-345.322235
-1.079671,-0.595112,0.386075,-344.638367
-0.966465,-0.651170,0.094084,-341.877350
-0.849488,-0.690921,-0.190334,-337.165375
-0.730699,-0.714860,-0.460859,-330.630646
-0.609945,-0.723216,-0.712116,-322.401947
-0.488818,-0.718074,-0.938571,-312.637299
-0.370097,-0.703314,-1.134767,-301.463135
-0.255540,-0.681541,-1.297093,-288.931488
-0.147318,-0.655760,-1.422863,-275.096893
-0.046663,-0.630435,-1.509689,-260.075836
0.043537,-0.607886,-1.557481,-244.097229
0.121655,-0.592191,-1.566121,-227.399048
0.187578,-0.586489,-1.536838,-210.197235
0.239611,-0.592642,-1.472064,-192.694382
0.278054,-0.611963,-1.374791,-175.082489
0.304061,-0.644139,-1.249450,-157.530457
0.318118,-0.690416,-1.099730,-140.130997
0.320285,-0.749332,-0.930925,-122.970016
0.312108,-0.819754,-0.747822,-106.149628
0.294517,-0.900414,-0.555046,-89.755203
0.268759,-0.988000,-0.357942,-73.866051
0.236192,-1.081063,-0.160437,-58.563732
0.197774,-1.175233,0.032291,-43.923161
0.154743,-1.268878,0.217004,-30.011057
0.107560,-1.359097,0.390147,-16.891928
0.057795,-1.443381,0.548638,-4.615437
0.007061,-1.519364,0.689915,6.771899
-0.042880,-1.584751,0.811794,17.240715
-0.090017,-1.637653,0.912674,26.767796
-0.134007,-1.677604,0.992168,35.343307
-0.173429,-1.703451,1.049859,42.990593
-0.207187,-1.714172,1.085663,49.727692
-0.234661,-1.709024,1.100003,55.577148
-0.256926,-1.688366,1.094232,60.579025
-0.274486,-1.652057,1.069674,64.838692
-0.287552,-1.601770,1.028771,68.499969
-0.297160,-1.537983,0.973413,71.698326
-0.304346,-1.462203,0.906125,74.552818
-0.309739,-1.376579,0.829749,77.169037
-0.313017,-1.282523,0.746708,79.639664
-0.314818,-1.182905,0.660111,82.046730
-0.315345,-1.079952,0.572625,84.457535
-0.313986,-0.975973,0.486777,86.931534
-0.311399,-0.872480,0.404444,89.513382
-0.307044,-0.771943,0.327832,92.222656
-0.301868,-0.675346,0.258116,94.873322
-0.295548,-0.584607,0.196809,96.312492
-0.288718,-0.501682,0.145200,96.464310
-0.280488,-0.427905,0.103547,95.421089
-0.272560,-0.365826,0.072653,93.295151
-0.265240,-0.314923,0.051685,90.189766
-0.257907,-0.275306,0.040040,86.187424
-0.249941,-0.246164,0.036517,81.484695
-0.241687,-0.226437,0.039750,76.309700
-0.233459,-0.214270,0.047952,70.949188
-0.225555,-0.208548,0.059808,65.595062
-0.217061,-0.208551,0.074276,60.247719
-0.209195,-0.210595,0.088806,54.914463
-0.200729,-0.214238,0.102825,49.610420
-0.192293,-0.216380,0.114406,44.349731
-0.184184,-0.217098,0.123575,39.145905
-0.176094,-0.215298,0.129741,34.013313
-0.167714,-0.210842,0.132944,28.963312
-0.159665,-0.203308,0.133118,24.001518
-0.151618,-0.194401,0.131382,19.131351
-0.143258,-0.183600,0.127593,14.352036
-0.135505,-0.172836,0.122969,9.661606
-0.126827,-0.161526,0.117263,5.052512
-0.118486,-0.149718,0.110629,0.520049
-0.110154,-0.137746,0.103377,-3.898900
-0.101527,-0.126521,0.096119,-7.649919
-0.093567,-0.115439,0.088579,-10.406775
-0.084860,-0.104651,0.080859,-12.264318
-0.077017,-0.093606,0.072744,-13.329370
-0.069151,-0.083605,0.065036,-13.719021
-0.061611,-0.073431,0.057129,-13.547710
-0.054720,-0.064348,0.049807,-12.927483
-0.047876,-0.055735,0.042768,-11.959405
-0.041401,-0.047888,0.036236,-10.735896
-0.035297,-0.040793,0.030241,-9.340945
-0.028953,-0.033515,0.024317,-7.853232
-0.023293,-0.026977,0.019044,-6.340142
-0.017978,-0.020838,0.014247,-4.856436
-0.013290,-0.015377,0.010104,-3.449675
-0.008584,-0.010245,0.006426,-2.154364
-0.004161,-0.005122,0.003049,-0.997928

****************************
